46 53221
0 . 9081
1 a 4452
2 b 645
3 c 494
4 d 1964
5 e 4276
6 f 896
7 g 1319
8 h 966
9 i 2437
10 j 367
11 k 1394
12 l 2186
13 m 1463
14 n 3730
15 o 1686
16 p 769
17 q 12
18 r 3788
19 s 2873
20 t 3665
21 u 706
22 v 1001
23 w 19
24 x 28
25 y 274
26 z 16
27 å 714
28 ä 966
29 ö 594
30 , 118
31 3 17
32 4 10
33 1 37
34 - 119
35 2 33
36 0 39
37 9 7
38 7 12
39 8 12
40 6 13
41 5 16
42 é 4
43 ? 1
44 ! 1
45 ó 1
0 1 -2.794971483943394
0 6 -2.583061969963943
0 8 -2.730432962805823
0 4 -2.643140093907226
0 9 -2.740619808112816
0 19 -2.108150578436326
0 15 -3.305797107709385
0 20 -3.027164870777522
0 13 -2.674589226589730
0 14 -3.734042244149369
0 2 -3.124978180799965
0 28 -3.684593968735387
0 30 -4.369007469326578
0 12 -3.545595093928732
0 16 -3.189683800275296
0 7 -3.830735868951840
0 22 -2.998047472206794
0 21 -4.254127193328157
0 11 -3.367736407149675
0 31 -6.629032947901828
0 27 -5.019595035467727
0 18 -4.057693792341520
0 32 -7.168029448634515
0 0 -5.648203694890102
0 33 -6.022897144331512
0 5 -3.400206792180459
0 29 -5.329749963771567
0 3 -5.503021685045604
0 10 -4.603080091172979
0 35 -6.022897144331512
0 23 -7.322180128461773
0 17 -9.113939597689829
0 38 -7.322180128461773
0 39 -7.034498056009992
0 40 -7.727645236569938
0 26 -8.015327309021719
0 36 -8.420792417129883
0 41 -7.504501685255728
0 25 -8.420792417129883
0 43 -9.113939597689829
0 44 -9.113939597689829
0 37 -9.113939597689829
1 2 -5.223054882047490
1 0 -1.379132289323276
1 18 -1.734151919966229
1 13 -3.747148362237912
1 19 -3.452348822017267
1 4 -2.724354910127154
1 14 -1.870231084669550
1 20 -2.182508592703706
1 7 -3.049250578919369
1 12 -3.063570632694117
1 5 -5.182232887527235
1 22 -3.816141233724863
1 16 -4.550961110685376
1 9 -5.223054882047490
1 6 -4.904601150928955
1 11 -4.006659557722997
1 3 -5.310066259037120
1 15 -7.707961531835490
1 1 -7.014814351275545
1 10 -7.014814351275545
1 24 -7.302496423727326
1 8 -6.203884135059216
1 34 -6.609349243167380
1 21 -6.003213439597065
1 26 -7.302496423727326
1 25 -7.707961531835490
1 23 -7.707961531835490
2 3 -6.469250316795772
2 10 -3.636036972739556
2 12 -1.750751445500678
2 28 -3.333756100866623
2 18 -2.062531069531520
2 1 -2.264557697404806
2 27 -4.166665223801727
2 21 -4.166665223801727
2 15 -2.062531069531520
2 5 -1.640936579493471
2 29 -3.424727879072349
2 9 -2.885731378339663
2 2 -3.473518043241782
2 0 -3.904300959334236
2 34 -5.776103136235827
2 7 -6.469250316795772
2 25 -3.636036972739556
2 20 -5.370638028127662
2 4 -6.469250316795772
2 14 -6.469250316795772
2 6 -6.469250316795772
3 4 -6.202535517187923
3 8 -0.734475376052791
3 11 -0.987599759578937
3 9 -3.563478187572664
3 5 -4.410776047959867
3 20 -4.816241156068032
3 21 -4.256625368132609
3 1 -3.804640244389552
3 0 -3.563478187572664
3 15 -4.410776047959867
3 19 -4.816241156068032
3 18 -6.202535517187923
3 25 -5.509388336627977
3 17 -6.202535517187923
3 3 -6.202535517187923
3 42 -6.202535517187923
4 5 -0.752944751401986
4 29 -3.631494770332984
4 15 -3.575405303681940
4 19 -3.711537478006520
4 1 -1.823836715037131
4 0 -2.097941555423756
4 8 -5.280153395920365
4 12 -4.587006215360420
4 9 -3.821538373220849
4 18 -3.278673395710241
4 28 -4.538216051190989
4 20 -6.484126200246301
4 4 -4.117002586114685
4 27 -4.117002586114685
4 14 -3.999219550458301
4 6 -6.196444127794520
4 10 -4.587006215360420
4 2 -5.973300576480311
4 13 -6.196444127794520
4 11 -5.790979019686357
4 25 -5.973300576480311
4 22 -6.484126200246301
4 34 -6.484126200246301
4 21 -6.196444127794520
4 16 -7.582738488914411
5 6 -4.554110782374616
5 18 -1.545133282070604
5 14 -1.503259209599546
5 20 -1.911883877998078
5 0 -1.702762226274187
5 19 -3.219109715642276
5 12 -3.018439020180125
5 11 -5.102676734123454
5 4 -3.092915113081608
5 22 -4.723187112418550
5 13 -3.918122015654619
5 16 -6.414863123089622
5 10 -5.962877999346565
5 7 -4.532131875655841
5 34 -7.667626091584991
5 2 -5.527559928088720
5 21 -4.623103653861568
5 24 -5.182719441796991
5 9 -5.365040998590945
5 3 -5.269730818786620
5 25 -5.962877999346565
5 1 -6.414863123089622
5 8 -5.795823914683399
5 15 -6.751335359710835
5 27 -7.262160983476826
5 23 -8.360773272144936
5 5 -7.667626091584991
5 26 -8.360773272144936
6 7 -5.188502500540830
6 12 -2.428492560507909
6 20 -2.969299016485836
6 9 -2.343593116721423
6 5 -3.539843874953448
6 29 -1.338354898830772
6 25 -3.853501433808490
6 28 -3.430644582988456
6 1 -2.428492560507909
6 18 -2.254645630704927
6 15 -2.623553143079293
6 27 -2.754889145140381
6 6 -3.853501433808490
6 21 -3.706897959616615
6 14 -4.600715835638711
6 11 -6.797940412974930
6 0 -3.853501433808490
6 13 -6.797940412974930
6 10 -5.188502500540830
7 8 -5.105187611037478
7 0 -1.651239663989794
7 5 -1.173361978313153
7 18 -2.950522648120055
7 27 -3.423429037023752
7 12 -3.888792286712985
7 9 -3.888792286712985
7 1 -1.911629594153568
7 20 -3.107091708811595
7 4 -4.049134936788165
7 25 -6.086016864049205
7 29 -3.783431771055159
7 19 -3.313428141809424
7 10 -4.240190173550874
7 15 -3.852424642542111
7 34 -6.491481972157369
7 2 -5.392869683489260
7 28 -5.238719003662001
7 21 -4.294257394821150
7 7 -4.240190173550874
7 13 -6.086016864049205
7 14 -4.619679795255778
7 17 -5.798334791597424
7 16 -6.086016864049205
7 11 -7.184629152717315
7 39 -7.184629152717315
7 22 -7.184629152717315
7 6 -7.184629152717315
8 9 -3.737669618283368
8 1 -0.973266480630027
8 28 -3.235577674486132
8 5 -2.069142789479261
8 0 -1.642055217357931
8 15 -2.329869051942514
8 21 -2.778819271990417
8 27 -4.039950490156301
8 29 -3.782121380854202
8 13 -5.486869473092628
8 18 -5.774551545544409
8 12 -5.263725921778418
8 10 -4.165113633110308
8 14 -6.873163834212518
8 22 -5.774551545544409
8 25 -5.486869473092628
8 34 -6.873163834212518
8 23 -6.873163834212518
8 4 -6.873163834212518
9 10 -5.090472852522996
9 0 -1.702698491192981
9 20 -2.787887759528950
9 14 -1.643664959608788
9 15 -3.906702755514579
9 19 -2.055519865815724
9 12 -2.313726120134551
9 5 -3.467789713338875
9 11 -3.098042687832790
9 22 -4.060853435341838
9 6 -4.802790780071216
9 18 -3.564416549027947
9 4 -3.344175757371699
9 7 -2.456188801660395
9 1 -4.272162529009045
9 13 -4.620469223277261
9 2 -6.699910764957097
9 3 -3.655388327233673
9 28 -6.412228692505316
9 26 -7.105375873065261
9 8 -6.412228692505316
9 9 -7.798523053625206
9 29 -7.798523053625206
9 16 -6.699910764957097
9 25 -7.798523053625206
9 21 -6.699910764957097
10 11 -3.420455198266570
10 21 -1.628695729038515
10 29 -3.420455198266570
10 15 -1.700669228663604
10 5 -2.167692229771202
10 22 -5.212214667494625
10 1 -1.439453729399987
10 0 -3.266304518439312
10 28 -2.191789781350263
10 12 -5.212214667494625
10 4 -3.959451698999257
10 25 -5.905361848054571
10 19 -4.806749559386461
10 45 -5.905361848054571
10 9 -5.212214667494625
10 14 -5.212214667494625
11 12 -3.327909585892323
11 4 -5.630494678886369
11 18 -2.883223764630877
11 15 -2.092438114507016
11 1 -1.228665416916308
11 10 -5.853638230200579
11 5 -2.209494669928034
11 20 -2.718144014271429
11 14 -4.104438375391320
11 21 -3.389784989610411
11 0 -2.312678906163264
11 8 -4.531882390218259
11 9 -3.269640677768348
11 25 -4.467343869080688
11 19 -3.576370945190823
11 28 -4.021056766452269
11 22 -3.656413652864359
11 29 -4.021056766452269
11 13 -7.239932591320470
11 6 -6.141320302652360
11 16 -5.853638230200579
11 42 -7.239932591320470
11 2 -6.546785410760524
11 23 -7.239932591320470
11 27 -7.239932591320470
11 34 -6.546785410760524
12 13 -4.322532838750010
12 5 -2.002853312396664
12 29 -4.745389689570043
12 12 -1.881686178756040
12 0 -2.200890942579798
12 15 -3.777805663308338
12 21 -3.664476978001335
12 28 -3.270988060939886
12 9 -1.976095863227115
12 1 -1.765572871321952
12 10 -3.719536755184362
12 20 -3.952159050453115
12 7 -5.387243575742438
12 22 -4.511774838388538
12 19 -3.515441398840847
12 25 -4.026267022606837
12 27 -5.050771339121225
12 4 -3.485136049345518
12 11 -4.393991802732155
12 6 -5.743918519681171
12 34 -5.204922018948483
12 2 -5.387243575742438
12 16 -4.981778467634274
12 14 -5.492604091400264
12 18 -6.591216380068374
12 26 -7.689828668736483
12 8 -6.996681488176539
12 3 -7.689828668736483
12 42 -7.689828668736483
13 14 -4.243721963296701
13 9 -2.360990715862920
13 13 -2.799608031287984
13 1 -2.129189101805595
13 5 -1.646337330082011
13 11 -5.678806488586024
13 28 -2.881525153755871
13 25 -4.152750185090975
13 0 -1.601269044680304
13 20 -4.343805421853684
13 4 -4.803337751232124
13 27 -2.799608031287984
13 7 -7.288244401020124
13 15 -2.845593144529808
13 21 -4.397872643123960
13 19 -4.069368576151923
13 2 -3.854257196534978
13 6 -7.288244401020124
13 34 -4.723295043558587
13 29 -3.956039890844921
13 18 -4.649187071404866
13 12 -5.091019823683905
13 16 -5.208802859340288
13 17 -7.288244401020124
14 15 -4.216830327405391
14 0 -1.028226286162292
14 7 -2.440338330308124
14 14 -2.718831976705498
14 9 -2.961473323732976
14 4 -2.468421299050949
14 28 -4.146626068732142
14 5 -3.233730925859125
14 1 -2.235202095747998
14 19 -2.803628513365575
14 25 -4.462963396944299
14 11 -4.486493894354493
14 20 -3.193725591245426
14 12 -4.966066974616379
14 6 -5.133121059279546
14 22 -5.826268239839490
14 27 -4.856867682651387
14 21 -4.081028786246328
14 10 -6.278253363582547
14 13 -6.614725600203760
14 8 -6.614725600203760
14 2 -6.144721970958026
14 34 -6.432404043409806
14 18 -6.614725600203760
14 29 -6.837869151517970
14 3 -8.224163512637862
15 16 -3.387062870727251
15 13 -1.680721152653547
15 0 -3.558913127653910
15 18 -1.655562593017393
15 7 -3.741234684447865
15 6 -5.484203989506487
15 22 -4.294619922632651
15 3 -2.054835730877636
15 14 -2.000768509607360
15 12 -2.188367123502158
15 20 -2.814993621720541
15 19 -3.792527978835415
15 10 -5.350672596881965
15 2 -4.211238313693600
15 15 -6.331501849893691
15 11 -5.127529045567755
15 21 -6.043819777441910
15 1 -6.043819777441910
15 4 -4.172017600540319
15 8 -4.791056808946542
15 34 -7.430114138561801
15 5 -7.430114138561801
15 28 -6.736966958001855
15 23 -6.736966958001855
15 26 -7.430114138561801
15 9 -7.430114138561801
15 25 -7.430114138561801
16 17 -6.645090969505644
16 27 -1.588845164157336
16 1 -2.029970452664385
16 16 -2.167754155027438
16 5 -1.641144663560185
16 18 -2.534217105332333
16 0 -3.034173056861420
16 19 -4.447866392169424
16 15 -2.341025876301474
16 20 -4.160184319717644
16 12 -3.179355066705917
16 28 -4.699180820450331
16 9 -4.160184319717644
16 14 -4.447866392169424
16 21 -4.565649427825808
16 7 -5.035653057071544
16 8 -5.951943788945699
16 34 -5.258796608385754
16 6 -6.645090969505644
17 18 -2.484906649788000
17 21 -1.791759469228055
17 22 -0.538996500732687
17 1 -1.791759469228055
18 19 -3.183347648957661
18 1 -2.110543244245424
18 0 -0.976964853331728
18 9 -2.630121659121009
18 5 -2.458849938513640
18 14 -2.883007179633956
18 22 -6.853299093186078
18 4 -3.685716562705428
18 11 -4.713232929689807
18 21 -4.179150443759550
18 27 -4.034900834915002
18 12 -4.250609407741694
18 20 -3.460469961194439
18 28 -3.935528361101799
18 7 -4.112459069260877
18 10 -5.104099238376819
18 18 -4.410952057816874
18 15 -3.427409098933551
18 25 -5.061539623958023
18 13 -5.104099238376819
18 2 -4.232260269073498
18 16 -6.447833985077914
18 29 -4.455403820387708
18 8 -6.293683305250656
18 34 -6.853299093186078
18 6 -5.754686804517968
18 3 -8.239593454305968
18 26 -8.239593454305968
19 20 -1.660493083234384
19 13 -4.497376156179563
19 1 -2.894207856759058
19 10 -4.299550412849643
19 11 -1.927630626454533
19 28 -3.328383070749654
19 21 -5.129898714923073
19 22 -3.103299654617617
19 0 -1.989302447110028
19 12 -3.544271451182692
19 18 -4.561914677317134
19 16 -3.532295260135976
19 5 -2.710838630932660
19 9 -3.299672964867222
19 8 -4.827617843050140
19 27 -3.920060791144739
19 19 -3.253581857666955
19 15 -2.684997399748772
19 29 -4.325525899252904
19 2 -5.565216786180919
19 3 -5.129898714923073
19 4 -4.249539992274982
19 6 -6.353674146545189
19 34 -5.398162701517752
19 14 -5.190523336739508
19 25 -5.883670517299453
19 23 -6.576817697859399
19 7 -6.864499770311180
20 21 -4.468913996037384
20 20 -1.960476848839189
20 0 -1.030329082303608
20 19 -3.621616135650180
20 18 -3.279329929163547
20 9 -2.454010975495119
20 1 -2.410525863555380
20 5 -2.092901434488521
20 15 -3.293928728584700
20 3 -4.651235552831338
20 28 -3.812134459648313
20 10 -5.071089398391602
20 14 -5.373370270264536
20 25 -4.255339895739325
20 6 -5.903998521326706
20 22 -4.422393980402490
20 29 -5.373370270264536
20 12 -5.641634256859215
20 13 -8.206583614320751
20 27 -6.127142072640916
20 8 -5.903998521326706
20 33 -8.206583614320751
20 11 -7.513436433760806
20 2 -5.721676964532752
20 42 -8.206583614320751
20 34 -7.107971325652642
20 26 -8.206583614320751
21 22 -4.767855768265187
21 11 -3.340739412625041
21 20 -2.152895990228989
21 19 -1.692080787037660
21 18 -2.354922618102276
21 16 -2.821945619209874
21 8 -6.559615237493242
21 0 -2.255550144289072
21 12 -2.516563969658692
21 4 -3.263778371488913
21 14 -1.747430882120825
21 34 -3.851565036391032
21 5 -4.950177325059141
21 3 -4.950177325059141
21 13 -4.074708587705242
21 10 -5.866468056933297
21 7 -3.669243479597077
21 26 -5.866468056933297
21 2 -4.950177325059141
21 6 -5.173320876373351
21 23 -6.559615237493242
21 1 -5.461002948825132
22 23 -6.908754779315220
22 27 -2.797880915141910
22 5 -1.590634785471004
22 1 -1.266847708377107
22 0 -2.080441042012919
22 19 -4.343805421853684
22 12 -3.576550269140017
22 28 -2.848311768768801
22 9 -1.749699480100692
22 21 -4.423848129527221
22 13 -3.913022505761230
22 7 -5.810142490647111
22 18 -6.215607598755275
22 2 -6.215607598755275
22 34 -5.810142490647111
22 20 -5.810142490647111
22 14 -6.215607598755275
22 29 -6.908754779315220
22 4 -6.215607598755275
22 10 -6.908754779315220
22 38 -6.908754779315220
22 8 -6.908754779315220
22 15 -6.215607598755275
23 24 -2.944438979166441
23 8 -2.944438979166441
23 1 -0.998528830111127
23 9 -2.251291798606495
23 19 -2.944438979166441
23 0 -2.944438979166441
23 5 -1.152679509938386
24 25 -3.332204510175204
24 1 -2.233592221507094
24 20 -1.540445040947149
24 0 -1.252762968495368
24 21 -3.332204510175204
24 16 -1.540445040947149
24 34 -3.332204510175204
24 9 -3.332204510175204
24 5 -3.332204510175204
25 26 -5.613128106388070
25 8 -3.533686564708234
25 3 -1.535590662482351
25 4 -3.215232833589700
25 18 -1.899556039683762
25 7 -2.522085653029754
25 0 -2.029609167931960
25 12 -3.533686564708234
25 16 -4.514515817719960
25 13 -3.128221456600070
25 1 -2.779914762331854
25 5 -4.514515817719960
25 20 -3.128221456600070
25 14 -4.226833745268180
25 11 -3.533686564708234
25 19 -2.394252281519869
25 27 -5.613128106388070
25 2 -5.613128106388070
25 15 -5.613128106388070
25 34 -5.613128106388070
26 27 -2.772588722239781
26 12 -2.772588722239781
26 9 -2.772588722239781
26 0 -0.980829253011726
26 1 -1.386294361119891
26 5 -2.772588722239781
26 15 -2.772588722239781
26 2 -2.772588722239781
27 28 -6.570882962339584
27 0 -0.939671180518219
27 18 -1.834684513945089
27 11 -3.352007137471384
27 12 -2.764220472569265
27 14 -1.695685639138433
27 4 -3.737669618283368
27 20 -3.526360524616162
27 19 -3.352007137471384
27 7 -2.679062664228958
27 1 -6.570882962339584
27 22 -5.472270673671475
27 8 -5.877735781779639
27 16 -6.570882962339584
28 29 -6.873163834212518
28 14 -1.267361767916521
28 18 -1.143064051238944
28 7 -2.466444586948265
28 20 -2.847812143477369
28 4 -3.982792076316353
28 19 -3.023016232502460
28 22 -3.317815772723104
28 3 -4.570578741218473
28 12 -2.624668592163159
28 13 -3.505868004226044
28 11 -3.577326968208189
28 16 -4.927253685157205
28 6 -5.774551545544409
28 2 -6.873163834212518
29 0 -4.189654742026425
29 20 -2.697999865248708
29 18 -0.653538042464899
29 6 -5.288267030694535
29 4 -2.649209701079277
29 19 -3.128782781341163
29 13 -2.775961406718420
29 22 -2.890371757896165
29 14 -3.128782781341163
29 11 -3.251385103433496
29 12 -3.747821989747386
29 7 -4.440969170307332
29 10 -4.084294226368599
29 16 -3.988984046564275
29 3 -6.386879319362645
29 2 -6.386879319362645
29 17 -5.693732138802700
30 0 -0.025752496102415
30 40 -4.770684624465665
30 31 -4.770684624465665
30 38 -4.770684624465665
31 32 -2.833213344056216
31 39 -2.833213344056216
31 36 -1.446918982936325
31 41 -2.833213344056216
31 0 -0.887303195000903
31 34 -2.833213344056216
31 35 -2.833213344056216
31 31 -2.833213344056216
32 0 -1.203972804325936
32 41 -2.302585092994045
32 34 -1.203972804325936
32 33 -2.302585092994045
32 40 -2.302585092994045
32 36 -2.302585092994045
33 0 -0.838329190404443
33 37 -2.001480000210124
33 34 -2.224623551524334
33 30 -3.610917912644224
33 36 -2.001480000210124
33 40 -2.917770732084279
33 38 -3.610917912644224
33 33 -3.610917912644224
33 41 -2.917770732084279
34 6 -2.581898915775310
34 36 -3.169685580677429
34 19 -2.699681951431693
34 27 -2.833213344056216
34 11 -2.140066163496271
34 1 -3.169685580677429
34 13 -2.833213344056216
34 20 -2.987364023883474
34 33 -2.987364023883474
34 18 -4.085976312551584
34 16 -4.085976312551584
34 14 -4.779123493111530
34 2 -2.987364023883474
34 12 -2.581898915775310
34 22 -2.987364023883474
34 31 -4.779123493111530
34 7 -3.392829131991639
34 35 -3.392829131991639
34 4 -4.085976312551584
34 39 -4.779123493111530
34 15 -4.085976312551584
34 17 -4.085976312551584
34 5 -4.085976312551584
34 3 -4.085976312551584
34 9 -3.680511204443420
34 0 -4.779123493111530
34 8 -4.085976312551584
35 34 -1.550597412411167
35 36 -1.887069649032380
35 0 -1.704748092238425
35 41 -2.110213200346589
35 40 -2.110213200346589
35 32 -3.496507561466480
35 35 -2.803360380906535
35 31 -3.496507561466480
35 30 -3.496507561466480
35 38 -3.496507561466480
35 33 -3.496507561466480
36 0 -0.331357135954442
36 36 -1.466337068793427
36 35 -3.663561646129646
36 34 -3.663561646129646
37 34 -1.252762968495368
37 32 -1.945910149055313
37 39 -1.945910149055313
37 37 -1.945910149055313
37 36 -1.945910149055313
37 30 -1.945910149055313
38 34 -1.791759469228055
38 35 -2.484906649788000
38 36 -2.484906649788000
38 33 -1.386294361119891
38 0 -1.098612288668110
38 38 -2.484906649788000
39 0 -0.538996500732687
39 36 -1.791759469228055
39 40 -2.484906649788000
39 34 -2.484906649788000
39 41 -2.484906649788000
40 33 -1.871802176901591
40 41 -1.871802176901591
40 34 -1.466337068793427
40 31 -2.564949357461537
40 0 -1.466337068793427
40 36 -1.871802176901591
41 0 -0.470003629245736
41 35 -2.079441541679836
41 36 -2.079441541679836
41 38 -2.772588722239781
41 34 -2.772588722239781
42 14 -0.693147180559945
42 0 -0.693147180559945
43 0 0.000000000000000
44 0 0.000000000000000
45 14 0.000000000000000
-1
