0 0 -3.9643115560178828
0 1 -2.672633171272841
0 2 -3.0238703639114446
0 3 -5.469860623405613
0 4 -2.877643960349365
0 5 -3.3827168613636847
0 6 -2.5568378404725514
0 7 -3.824549613642724
0 8 -2.714447275792764
0 9 -2.726221536998696
0 10 -4.778187282463969
0 11 -3.351247933639047
0 12 -3.487184664740183
0 13 -2.742267726560045
0 14 -3.867220431842563
0 15 -3.1912725087229177
0 16 -3.2420181210222534
0 17 -8.589284369302154
0 18 -3.985782240414759
0 19 -2.077539039657426
0 20 -3.0334864390354572
0 21 -4.23771694211298
0 22 -2.971907394610081
0 23 -6.95352914855068
0 24 -11.297334570404363
0 25 -7.59603259629187
0 26 -7.96513006022916
0 27 -4.704975202441523
0 28 -3.7176557473139082
0 29 -5.244069622390935
1 0 -1.405983649689619
1 1 -6.937302791929883
1 2 -5.228335284148749
1 3 -5.617098542638982
1 4 -2.7652438117938374
1 5 -5.232554699691458
1 6 -4.774247110208914
1 7 -3.0653753007866262
1 8 -6.50884816559702
1 9 -5.141674845923908
1 10 -6.796530238048801
1 11 -4.0540623446447945
1 12 -2.9822648494014588
1 13 -3.798779800338573
1 14 -1.9006522586923917
1 15 -8.752592758568133
1 16 -4.728517392192588
1 17 -9.445739939128078
1 18 -1.69352756560983
1 19 -3.3756622771561537
1 20 -2.1396880415163886
1 21 -5.988972706311111
1 22 -3.74816718110619
1 23 -7.836302026693978
1 24 -7.728088442053744
1 25 -7.248515361791858
1 26 -7.248515361791858
1 27 -11.391650088183392
1 28 -inf
1 29 -inf
2 0 -4.050258229949505
2 1 -2.1906761643826886
2 2 -3.111416672553453
2 3 -7.081708586105575
2 4 -6.994697209115945
2 5 -1.596157504766206
2 6 -7.687844389675891
2 7 -9.479603858903946
2 8 -inf
2 9 -3.1392445551761936
2 10 -4.21691366999906
2 11 -8.786456678344
2 12 -1.7569263424359423
2 13 -7.687844389675891
2 14 -6.646390514847729
2 15 -2.1717310781402395
2 16 -7.533693709848632
2 17 -inf
2 18 -2.1335936489906535
2 19 -5.953243334287785
2 20 -5.320720775544274
2 21 -3.3837792964717206
2 22 -inf
2 23 -7.282379281567726
2 24 -inf
2 25 -3.7758213842477444
2 26 -inf
2 27 -3.907449826726181
2 28 -3.2143026461662356
2 29 -3.490642442014082
3 0 -3.9415818076696905
3 1 -3.8809571858532554
3 2 -7.2531670306421585
3 3 -5.94098064167599
3 4 -9.199077179697472
3 5 -3.7653551761432325
3 6 -9.199077179697472
3 7 -inf
3 8 -0.7096663692936862
3 9 -3.6816242832327646
3 10 -inf
3 11 -1.0031917883826758
3 12 -6.491026978595262
3 13 -inf
3 14 -8.505929999137527
3 15 -4.411585436915426
3 16 -9.199077179697472
3 17 -7.2531670306421585
3 18 -7.001852602361253
3 19 -5.267251546973146
3 20 -5.485505112993164
3 21 -4.000580148431646
3 22 -7.812782818577581
3 23 -inf
3 24 -inf
3 25 -5.173725488962322
3 26 -8.100464891029363
3 27 -inf
3 28 -inf
3 29 -inf
4 0 -2.300979117401286
4 1 -1.7717302596248832
4 2 -5.565720198141436
4 3 -7.868305291135482
4 4 -4.220247831541801
4 5 -0.7142630150679499
4 6 -6.386700750211267
4 7 -6.551003801502543
4 8 -5.4346919357350325
4 9 -3.7552480199812277
4 10 -5.215063326528267
4 11 -5.693553569651321
4 12 -4.641461296618105
4 13 -6.449221107192601
4 14 -4.273736516492788
4 15 -3.6756248281925195
4 16 -8.011406134776156
4 17 -8.784596023009637
4 18 -3.1557765868268914
4 19 -3.5642401979313125
4 20 -6.087719122505552
4 21 -5.71654308787602
4 22 -6.1220081959841846
4 23 -8.379130914901474
4 24 -inf
4 25 -5.848967673525352
4 26 -8.091448842449692
4 27 -4.286639921328695
4 28 -4.579903403618671
4 29 -3.7052641976271468
5 0 -1.7733994214001108
5 1 -6.0032872399798975
5 2 -5.726377264510028
5 3 -5.2636200437850595
5 4 -3.050860200364769
5 5 -7.325043079962217
5 6 -4.55133890863857
5 7 -4.280520642238795
5 8 -5.929859771425081
5 9 -5.77444566755105
5 10 -6.11928615384278
5 11 -5.379132930906904
5 12 -2.999728530176443
5 13 -3.820988312860354
5 14 -1.4997807077683065
5 15 -6.423141085540162
5 16 -6.135459013088381
5 17 -9.55863530146931
5 18 -1.4964651770095825
5 19 -3.2218095703228706
5 20 -1.9529111516480155
5 21 -4.69882289710764
5 22 -4.505579291489104
5 23 -8.018190260522163
5 24 -5.049608976034122
5 25 -6.281490568477135
5 26 -7.795046709207953
5 27 -7.176007500801729
5 28 -9.964100409577476
5 29 -inf
6 0 -4.261625756163657
6 1 -2.550455950811583
6 2 -9.798960023182193
6 3 -7.496374930188148
6 4 -inf
6 5 -3.2169348842893672
6 6 -3.7610891032600557
6 7 -6.580084198313993
6 8 -inf
6 9 -2.493771807789156
6 10 -5.738517012635774
6 11 -6.803227749628203
6 12 -2.447160154124417
6 13 -9.105812842622248
6 14 -4.461421943480875
6 15 -2.6680611928858466
6 16 -9.798960023182193
6 17 -inf
6 18 -2.280895841949116
6 19 -5.404510868509755
6 20 -2.937248682701463
6 21 -4.2344396158595
6 22 -8.700347734514084
6 23 -inf
6 24 -inf
6 25 -4.314163089691538
6 26 -inf
6 27 -2.5059423434094117
6 28 -3.5279715913238943
6 29 -1.2404329682729789
7 0 -1.9692012783960648
7 1 -1.749379418470047
7 2 -5.575271042374071
7 3 -10.129147933974613
7 4 -4.058410205972122
7 5 -1.1032112849967086
7 6 -7.184708954808172
7 7 -4.376575295148979
7 8 -5.1946740008439205
7 9 -3.900636930383429
7 10 -3.9957498909779634
7 11 -6.695160729489466
7 12 -4.300202316364405
7 13 -6.1401638874103375
7 14 -4.699802305020172
7 15 -3.6614492078702585
7 16 -5.475187583817089
7 17 -6.951094103626667
7 18 -2.8456997052179807
7 19 -3.249792129514173
7 20 -3.1233589147211096
7 21 -4.248614947573912
7 22 -7.038105480616296
7 23 -10.129147933974613
7 24 -inf
7 25 -6.1401638874103375
7 26 -inf
7 27 -3.37687755783287
7 28 -5.504175120690341
7 29 -3.781758724318602
8 0 -1.619642082608342
8 1 -0.9420522362551779
8 2 -inf
8 3 -9.86817120740856
8 4 -7.095582485168779
8 5 -2.097104121343155
8 6 -inf
8 7 -9.175024026848615
8 8 -8.076411738180505
8 9 -3.6696924909162525
8 10 -3.9175286548208335
8 11 -9.86817120740856
8 12 -5.204732113296493
8 13 -6.154599140704253
8 14 -6.5359666972333565
8 15 -2.4810809717518034
8 16 -inf
8 17 -inf
8 18 -5.709288124048888
8 19 -6.690117377060615
8 20 -8.25873329497446
8 21 -2.890889865777813
8 22 -6.28465226895245
8 23 -6.204609561278914
8 24 -inf
8 25 -5.8251199395740105
8 26 -inf
8 27 -4.051060047445357
8 28 -3.272390693447249
8 29 -3.595294200862393
9 0 -1.701330939026564
9 1 -4.2955701128567085
9 2 -5.972125861760868
9 3 -3.6466639541130674
9 4 -3.236900075279693
9 5 -3.3612056771799685
9 6 -4.974902798973465
9 7 -2.3771938799953207
9 8 -6.7074733968111895
9 9 -7.0543443406533015
9 10 -5.42080887664014
9 11 -3.08037764115598
9 12 -2.3870012342339995
9 13 -4.641047223243424
9 14 -1.6656067795951315
9 15 -3.9093513725662437
9 16 -5.744035886511333
9 17 -8.57069183002139
9 18 -3.420616706614445
9 19 -2.1113091601586933
9 20 -2.777000944266284
9 21 -8.059866206255398
9 22 -4.22256674702319
9 23 -7.995327685117828
9 24 -8.12885907774235
9 25 -7.877544649461444
9 26 -6.593529137461972
9 27 -inf
9 28 -6.563223787966643
9 29 -8.059866206255398
10 0 -3.561345080961788
10 1 -1.4540068227007976
10 2 -inf
10 3 -8.11522197256233
10 4 -3.980055415819973
10 5 -2.058437959333704
10 6 -8.808369153122275
10 7 -inf
10 8 -7.709756864454165
10 9 -4.916548855011648
10 10 -inf
10 11 -4.107888787329858
10 12 -5.094797086417966
10 13 -inf
10 14 -6.323462503334274
10 15 -1.6459716557665562
10 16 -7.016609683894219
10 17 -inf
10 18 -8.808369153122275
10 19 -4.649486069762602
10 20 -5.407171771460119
10 21 -1.720795447564301
10 22 -6.728927611442439
10 23 -inf
10 24 -inf
10 25 -8.808369153122275
10 26 -inf
10 27 -inf
10 28 -2.044484244559839
10 29 -3.1843516469349353
11 0 -2.6104144024748983
11 1 -1.1842985471683358
11 2 -6.874658001492396
11 3 -inf
11 4 -5.627200085226721
11 5 -2.127795370599088
11 6 -6.320347265786666
11 7 -6.76929748583457
11 8 -4.579507886985868
11 9 -3.2139494243451563
11 10 -6.076150305274624
11 11 -7.397906145256944
11 12 -3.4054558907161834
11 13 -6.409294751803163
11 14 -3.994627597390964
11 15 -2.0949122308250057
11 16 -6.481615413382789
11 17 -inf
11 18 -2.737419518598145
11 19 -3.2687576608401514
11 20 -2.772933331972673
11 21 -3.45027471236143
11 22 -3.675229311559717
11 23 -9.071882578828616
11 24 -inf
11 25 -4.677433424156177
11 26 -inf
11 27 -6.704758964696999
11 28 -4.1184056985723085
11 29 -4.315422945294298
12 0 -2.4239719933206154
12 1 -1.75058990724915
12 2 -5.512337068908215
12 3 -7.429259681090276
12 4 -3.046733171374743
12 5 -1.9737676401702404
12 6 -5.240963734498358
12 7 -5.031364408291905
12 8 -6.2292948981618785
12 9 -1.9929210166448643
12 10 -3.7937810037034545
12 11 -4.302499145129881
12 12 -1.8998305935788524
12 13 -4.514737462961828
12 14 -5.84411446122522
12 15 -3.6396303238761964
12 16 -4.839993015978033
12 17 -7.3159309957832726
12 18 -6.330647392422166
12 19 -3.4439862139225372
12 20 -4.15741197145597
12 21 -3.825938115337986
12 22 -4.293765465161126
12 23 -10.648135505958477
12 24 -inf
12 25 -4.034751287578917
12 26 -8.450910928622257
12 27 -4.762031474508321
12 28 -3.183052769558929
12 29 -4.6541740786519075
13 0 -1.6521595551326913
13 1 -2.084992173573072
13 2 -3.81852666561772
13 3 -7.6621060992156815
13 4 -4.754784783005744
13 5 -1.6666112232666657
13 6 -5.7962386578339045
13 7 -5.705266879628177
13 8 -5.896322116390887
13 9 -2.474720293374926
13 10 -8.617617544243117
13 11 -6.315032451249072
13 12 -4.705594538814972
13 13 -2.8252138779333884
13 14 -4.2842560815505175
13 15 -2.7700233675548374
13 16 -4.819883685217099
13 17 -7.742148806889218
13 18 -4.543475689338536
13 19 -4.122262224262233
13 20 -4.063740652642577
13 21 -4.412924924852152
13 22 -9.128443168009108
13 23 -9.128443168009108
13 24 -inf
13 25 -4.006465286577479
13 26 -10.227055456677219
13 27 -2.637213944494561
13 28 -2.9518831372244465
13 29 -4.065848134982142
14 0 -1.1411876236235547
14 1 -2.1161933267821142
14 2 -6.416544284044683
14 3 -6.749482948084585
14 4 -2.345477406691928
14 5 -3.2570991038019668
14 6 -5.227730040149589
14 7 -2.3574754244130234
14 8 -6.087686297408715
14 9 -2.9808457271738082
14 10 -6.209458169626332
14 11 -4.538634181808821
14 12 -5.214342959367129
14 13 -6.081337069730057
14 14 -2.7518487223836305
14 15 -4.108663503475927
14 16 -7.8117275925818195
14 17 -9.757637741637133
14 18 -6.80012668090334
14 19 -2.7294363095791287
14 20 -3.1148250481372872
14 21 -4.0698152865596615
14 22 -5.764034749216564
14 23 -11.143932102757024
14 24 -inf
14 25 -4.421302307901575
14 26 -8.746036829958653
14 27 -4.800051668630693
14 28 -4.162926362035294
14 29 -6.2997450162984325
15 0 -3.751310119262987
15 1 -5.692195132115628
15 2 -4.138678009601126
15 3 -2.000906302178379
15 4 -4.350751337161089
15 5 -7.595180236453907
15 6 -4.7864865095720095
15 7 -3.9092462925697276
15 8 -5.208037755431798
15 9 -8.48248343145481
15 10 -5.727913214717707
15 11 -4.775904400241473
15 12 -2.152253360951663
15 13 -1.6734441254118304
15 14 -2.0963258732205743
15 15 -6.962657677710396
15 16 -3.5846436315038983
15 17 -inf
15 18 -1.5910027249654248
15 19 -3.9858534140419244
15 20 -2.7777490290732265
15 21 -5.592111673558645
15 22 -4.227884406467433
15 23 -6.6907239622267545
15 24 -7.096189070334919
15 25 -7.250339750162177
15 26 -7.863444223048586
15 27 -9.735246399950178
15 28 -6.578245978800065
15 29 -inf
16 0 -3.3641561099818063
16 1 -1.913716196609289
16 2 -8.513586695822125
16 3 -8.225904623370345
16 4 -7.532757442810399
16 5 -1.6125204049907853
16 6 -6.476704768561086
16 7 -6.43414515414229
16 8 -6.056850923000821
16 9 -4.032469158504013
16 10 -inf
16 11 -inf
16 12 -3.1034298475185538
16 13 -8.002761072056135
16 14 -4.816408438893494
16 15 -2.362983927375846
16 16 -2.2356908581640154
16 17 -inf
16 18 -2.2976461521661555
16 19 -4.4360492519164065
16 20 -4.2050272130301165
16 21 -5.017079134355646
16 22 -8.513586695822125
16 23 -inf
16 24 -inf
16 25 -8.513586695822125
16 26 -inf
16 27 -1.613527623474459
16 28 -5.058322092889695
16 29 -9.612198984490236
17 0 -2.632542648594065
17 1 -1.2692378056988731
17 2 -5.030437921392435
17 3 -inf
17 4 -inf
17 5 -inf
17 6 -inf
17 7 -inf
17 8 -inf
17 9 -4.33729074083249
17 10 -inf
17 11 -inf
17 12 -inf
17 13 -inf
17 14 -inf
17 15 -5.030437921392435
17 16 -inf
17 17 -inf
17 18 -5.030437921392435
17 19 -inf
17 20 -2.833213344056216
17 21 -1.7346010553881064
17 22 -0.9699949108460162
17 23 -inf
17 24 -inf
17 25 -inf
17 26 -inf
17 27 -inf
17 28 -inf
17 29 -inf
18 0 -1.0378615884655586
18 1 -2.1178993136501045
18 2 -4.342386217683757
18 3 -6.948621108158078
18 4 -3.7849394711597903
18 5 -2.418676483820824
18 6 -5.4399878948459435
18 7 -4.24514757408328
18 8 -6.410766812004168
18 9 -2.5187832619137485
18 10 -4.954946388235667
18 11 -4.5746715289560616
18 12 -4.207339290543341
18 13 -5.191708370260192
18 14 -2.766048253676001
18 15 -3.2414174222863688
18 16 -6.6141077360221985
18 17 -11.239080549306468
18 18 -4.352548906775959
18 19 -3.180436837090851
18 20 -3.357898347079368
18 21 -4.298858080186831
18 22 -6.276235919046562
18 23 -8.754173899518468
18 24 -inf
18 25 -5.120983351265121
18 26 -8.466491827066688
18 27 -4.040149308618295
18 28 -3.9570068912130045
18 29 -4.6083971636640975
19 0 -2.0592705146106924
19 1 -2.857684133026052
19 2 -5.59242800677074
19 3 -5.2796999023928715
19 4 -4.231823131766161
19 5 -2.737013385525631
19 6 -5.831396599229348
19 7 -6.607658686499799
19 8 -4.67710392552768
19 9 -3.202912055326502
19 10 -4.273574926446383
19 11 -1.9693116558171506
19 12 -3.4532147217909874
19 13 -4.354263837696525
19 14 -5.084505142662711
19 15 -2.567652987377547
19 16 -3.528811506235302
19 17 -inf
19 18 -4.6354312291271125
19 19 -3.285023627340746
19 20 -1.6897236476924637
19 21 -5.33789814163586
19 22 -2.967269441546297
19 23 -8.360197442574572
19 24 -inf
19 25 -5.554508771908447
19 26 -9.53885243891622
19 27 -3.8325730840614307
19 28 -3.420755240874871
19 29 -4.135049564522205
20 0 -1.103088959730305
20 1 -2.2766011092479594
20 2 -5.376244250096297
20 3 -4.598034630992503
20 4 -7.681949470426587
20 5 -2.056466432157994
20 6 -5.943678686149518
20 7 -7.510099213499927
20 8 -5.795827239750247
20 9 -2.5040357578575168
20 10 -4.980168882337972
20 11 -7.536767460582089
20 12 -5.502238475583075
20 13 -8.749790100427942
20 14 -5.713963369672074
20 15 -3.369055225900504
20 16 -8.203246394059873
20 17 -10.454538192666368
20 18 -3.2370947609698355
20 19 -3.560881838063733
20 20 -1.9089519267489126
20 21 -4.551904859265002
20 22 -4.283881981773359
20 23 -10.454538192666368
20 24 -inf
20 25 -4.400098846396998
20 26 -8.203246394059873
20 27 -5.481258685113881
20 28 -3.783138358970671
20 29 -5.284054197628216
21 0 -2.343215681637556
21 1 -5.243202898233163
21 2 -4.2043098442666755
21 3 -5.893790464374312
21 4 -3.372516170415437
21 5 -4.528549512452254
21 6 -5.173244309626252
21 7 -3.9598565063657145
21 8 -6.258433577962221
21 9 -6.644096058774206
21 10 -6.299255572482476
21 11 -3.176523608167178
21 12 -2.574566665671829
21 13 -4.230285330669936
21 14 -1.7024536361649016
21 15 -7.685549933602367
21 16 -2.7192148984026914
21 17 -7.280084825494202
21 18 -2.4168330368306212
21 19 -1.6787863492052157
21 20 -2.0389258727861144
21 21 -7.397867861150586
21 22 -4.318254103615893
21 23 -8.378697114162312
21 24 -5.693119768912161
21 25 -8.784162222270476
21 26 -7.397867861150586
21 27 -9.477309402830421
21 28 -inf
21 29 -inf
22 0 -2.052789032261314
22 1 -1.3290584283292883
22 2 -6.505584737823403
22 3 -inf
22 4 -5.779647734440466
22 5 -1.5656103723147954
22 6 -8.297344207051458
22 7 -5.161849991122308
22 8 -7.267724789870299
22 9 -1.7693862894289074
22 10 -6.687906294617357
22 11 -7.960871970430245
22 12 -3.793099939653327
22 13 -4.163778931676076
22 14 -5.550073292795966
22 15 -5.136097495019893
22 16 -7.827340577805722
22 17 -inf
22 18 -6.269195959759172
22 19 -4.578905950695977
22 20 -5.576048779199227
22 21 -4.3195334610853084
22 22 -7.960871970430245
22 23 -inf
22 24 -inf
22 25 -inf
22 26 -inf
22 27 -2.7855296662410165
22 28 -2.5962319609511355
22 29 -7.508886846687187
23 0 -2.532159534638546
23 1 -1.1539623837512747
23 2 -4.579852378003801
23 3 -inf
23 4 -inf
23 5 -1.5353299402803784
23 6 -inf
23 7 -inf
23 8 -3.0757749812275272
23 9 -1.6223413172700083
23 10 -inf
23 11 -inf
23 12 -4.579852378003801
23 13 -inf
23 14 -5.966146739123692
23 15 -2.5004108363239657
23 16 -inf
23 17 -inf
23 18 -5.966146739123692
23 19 -3.7689221617874726
23 20 -inf
23 21 -5.966146739123692
23 22 -inf
23 23 -4.579852378003801
23 24 -inf
23 25 -5.966146739123692
23 26 -inf
23 27 -inf
23 28 -inf
23 29 -inf
24 0 -1.56573821808623
24 1 -2.692324358796746
24 2 -4.750712491278749
24 3 -inf
24 4 -inf
24 5 -2.9048858007804186
24 6 -inf
24 7 -inf
24 8 -3.6521002026106397
24 9 -3.977522603045268
24 10 -5.156177599386914
24 11 -6.542471960506805
24 12 -5.156177599386914
24 13 -inf
24 14 -3.3235961356386037
24 15 -6.542471960506805
24 16 -1.0130428729953813
24 17 -inf
24 18 -6.542471960506805
24 19 -inf
24 20 -1.9077429722771688
24 21 -3.1751761305203305
24 22 -6.542471960506805
24 23 -inf
24 24 -4.750712491278749
24 25 -inf
24 26 -inf
24 27 -inf
24 28 -inf
24 29 -inf
25 0 -2.265856398886043
25 1 -2.4754469837955493
25 2 -5.7980820429546025
25 3 -1.5223422787986778
25 4 -3.029668692125302
25 5 -4.922613305600702
25 6 -4.922613305600702
25 7 -2.524718032802332
25 8 -3.5861513182286875
25 9 -6.203547151062767
25 10 -8.506132244056813
25 11 -3.557372353678644
25 12 -3.437228041836581
25 13 -3.2591081718963264
25 14 -3.9417840525889765
25 15 -4.895214331412588
25 16 -4.111683089384374
25 17 -inf
25 18 -2.1710779925587533
25 19 -2.3035967268688897
25 20 -2.9806793049250286
25 21 -6.8966943316227125
25 22 -5.4616098063333895
25 23 -8.506132244056813
25 24 -7.812985063496867
25 25 -8.506132244056813
25 26 -inf
25 27 -5.328078413708867
25 28 -inf
25 29 -inf
26 0 -1.4525437466610913
26 1 -1.2656663733312759
26 2 -3.345107915011112
26 3 -inf
26 4 -inf
26 5 -2.341805806147327
26 6 -inf
26 7 -inf
26 8 -5.049856007249537
26 9 -1.9818030721159199
26 10 -4.356708826689592
26 11 -5.7430031878094825
26 12 -2.4849066497880004
26 13 -inf
26 14 -5.049856007249537
26 15 -2.6984807500860595
26 16 -inf
26 17 -inf
26 18 -inf
26 19 -inf
26 20 -5.7430031878094825
26 21 -4.356708826689592
26 22 -inf
26 23 -inf
26 24 -inf
26 25 -5.049856007249537
26 26 -4.356708826689592
26 27 -inf
26 28 -inf
26 29 -inf
27 0 -1.011533916736573
27 1 -5.719039639580706
27 2 -8.001422025257233
27 3 -inf
27 4 -3.437073833789396
27 5 -7.413635360355113
27 6 -8.224565576571441
27 7 -2.829802311755153
27 8 -6.777646593635117
27 9 -inf
27 10 -inf
27 11 -3.3803784901128506
27 12 -2.8810358672018577
27 13 -8.917712757131387
27 14 -1.6175776095897416
27 15 -9.610859937691332
27 16 -7.819100468463278
27 17 -inf
27 18 -1.7441376525546044
27 19 -3.501612354926967
27 20 -3.158810983254107
27 21 -inf
27 22 -5.826670303773072
27 23 -inf
27 24 -inf
27 25 -inf
27 26 -inf
27 27 -9.610859937691332
27 28 -inf
27 29 -inf
28 0 -9.129347212766652
28 1 -inf
28 2 -8.723882104658486
28 3 -4.514226695925392
28 4 -4.017359424410108
28 5 -inf
28 6 -5.518429300122427
28 7 -2.5549689654984244
28 8 -9.822494393326597
28 9 -inf
28 10 -inf
28 11 -3.530925253768276
28 12 -2.5281170940377744
28 13 -3.228080933576818
28 14 -1.3220405259146568
28 15 -9.129347212766652
28 16 -5.0862959449321
28 17 -inf
28 18 -1.1518936552810464
28 19 -2.8929776225629467
28 20 -2.8040925942573955
28 21 -inf
28 22 -3.399247429793076
28 23 -inf
28 24 -6.38850718884145
28 25 -inf
28 26 -inf
28 27 -inf
28 28 -8.03073492409854
28 29 -inf
29 0 -4.736608267669934
29 1 -6.636848379892058
29 2 -6.844487744670303
29 3 -6.576223758075623
29 4 -2.673657087889513
29 5 -8.31082481346373
29 6 -6.70138690102963
29 7 -4.048144936422414
29 8 -7.617677632903784
29 9 -9.40943710213184
29 10 -3.984487084650437
29 11 -2.9894421739846972
29 12 -3.818450121620983
29 13 -3.341011513887729
29 14 -3.260968806214193
29 15 -7.463526953076526
29 16 -4.057578968655773
29 17 -7.329995560452003
29 18 -0.58696752986287
29 19 -3.05159483562374
29 20 -2.984568078226452
29 21 -9.40943710213184
29 22 -2.784044734123883
29 23 -inf
29 24 -inf
29 25 -9.40943710213184
29 26 -inf
29 27 -inf
29 28 -inf
29 29 -inf
