0 0 -inf
0 1 -2.6548617539090573
0 2 -3.005391245100425
0 3 -5.448757778455218
0 4 -2.8472635504156085
0 5 -3.364744591252564
0 6 -2.538864548814034
0 7 -3.807003147242529
0 8 -2.6966298912851805
0 9 -2.708106969289333
0 10 -4.7139678259354945
0 11 -3.332961684437168
0 12 -3.4696794844310985
0 13 -2.722593070314232
0 14 -3.8469737155725667
0 15 -3.172920193828201
0 16 -3.2227877453999803
0 17 -8.572590054636525
0 18 -3.9674198686484337
0 19 -2.059458860584678
0 20 -3.017565419936138
0 21 -4.2175920923505625
0 22 -2.947249717398251
0 23 -6.917541630950373
0 24 -10.875175147630571
0 25 -7.579338281626242
0 26 -7.93073616846413
0 27 -4.740332017677241
0 28 -3.700195638099049
0 29 -5.227375307725306
1 0 -1.4049800969447583
1 1 -7.033845593789404
1 2 -5.239951652032716
1 3 -5.631652646601715
1 4 -2.764148144089442
1 5 -5.235696326462578
1 6 -4.777170202099437
1 7 -3.0647638945929057
1 8 -6.507752497892625
1 9 -5.140579178219513
1 10 -6.795434570344406
1 11 -4.055572541607182
1 12 -2.982506676323556
1 13 -3.806798119771884
1 14 -1.8995565909879966
1 15 -8.905647770690996
1 16 -4.74156987045422
1 17 -9.444644271423682
1 18 -1.692431897905435
1 19 -3.3788676913511493
1 20 -2.1397441159491
1 21 -5.992391718961243
1 22 -3.748030286246094
1 23 -7.835206358989582
1 24 -7.726992774349349
1 25 -7.247419694087463
1 26 -7.247419694087463
1 27 -11.390554420478995
1 28 -inf
1 29 -inf
2 0 -4.048805685831111
2 1 -2.1899069137654275
2 2 -3.1168488372125567
2 3 -7.080256041987181
2 4 -6.993244664997551
2 5 -1.5954591084965262
2 6 -8.379539026117442
2 7 -9.478151314785551
2 8 -inf
2 9 -3.1377920110577997
2 10 -4.215461125880666
2 11 -9.478151314785551
2 12 -1.7554737983175486
2 13 -7.686391845557496
2 14 -6.644937970729336
2 15 -2.1702785340218456
2 16 -9.478151314785551
2 17 -inf
2 18 -2.1321411048722596
2 19 -5.95179079016939
2 20 -5.35101692974046
2 21 -3.382326752353327
2 22 -inf
2 23 -7.280926737449333
2 24 -inf
2 25 -3.7743688401293505
2 26 -inf
2 27 -3.905997282607787
2 28 -3.212850102047842
2 29 -3.489189897895688
3 0 -3.9666529729147357
3 1 -3.879641595925106
3 2 -7.5883236773352225
3 3 -5.93966505174784
3 4 -9.197761589769323
3 5 -3.764039586215083
3 6 -inf
3 7 -inf
3 8 -0.7083507793655368
3 9 -3.6803086933046147
3 10 -inf
3 11 -1.0018761984545261
3 12 -6.4897113886671125
3 13 -inf
3 14 -8.504614409209378
3 15 -4.410269846987276
3 16 -inf
3 17 -7.2518514407140096
3 18 -7.000537012433103
3 19 -5.265935957044997
3 20 -5.484189523065015
3 21 -3.999264558503497
3 22 -inf
3 23 -inf
3 24 -inf
3 25 -5.172409899034173
3 26 -8.099149301101212
3 27 -inf
3 28 -inf
3 29 -inf
4 0 -2.3011814048927066
4 1 -1.770658174572229
4 2 -5.571337101239579
4 3 -8.090376757397038
4 4 -4.2226540108654715
4 5 -0.7131909300152957
4 6 -6.416400323825366
4 7 -6.586299360620764
4 8 -5.433619850682378
4 9 -3.7541759349285733
4 10 -5.218697132513026
4 11 -5.692481484598667
4 12 -4.645694263795144
4 13 -6.464409543011727
4 14 -4.281864128338556
4 15 -3.6745527431398655
4 16 -8.010334049723502
4 17 -8.783523937956984
4 18 -3.155303483523203
4 19 -3.5658744744764013
4 20 -6.132632150694722
4 21 -5.7154710028233655
4 22 -6.244550066898707
4 23 -8.378058829848818
4 24 -inf
4 25 -5.8478955884726975
4 26 -8.090376757397038
4 27 -4.285567836276041
4 28 -4.578831318566017
4 29 -3.7041921125744923
5 0 -1.7723784981747404
5 1 -6.007801658656747
5 2 -5.737007804233487
5 3 -5.263361183709251
5 4 -3.051098729008491
5 5 -7.324784219886408
5 6 -4.557791483150749
5 7 -4.281963910233515
5 8 -5.929600911349271
5 9 -5.774186807475242
5 10 -6.119027293766971
5 11 -5.381428350636192
5 12 -2.99994225990149
5 13 -3.8218041439143104
5 14 -1.4995218476924976
5 15 -6.437481024885505
5 16 -6.1516388793557315
5 17 -9.558376441393502
5 18 -1.496258858638764
5 19 -3.222436057803786
5 20 -1.9529011200062862
5 21 -4.69856403703183
5 22 -4.5074526283831355
5 23 -8.017931400446354
5 24 -5.049350115958314
5 25 -6.281231708401326
5 26 -7.794787849132144
5 27 -7.175748640725921
5 28 -9.963841549501668
5 29 -inf
6 0 -4.268809054305607
6 1 -2.5497340694464206
6 2 -9.79823814181703
6 3 -7.6010135644808114
6 4 -inf
6 5 -3.2217685727688066
6 6 -3.7603672218948927
6 7 -6.57936231694883
6 8 -inf
6 9 -2.4930499264239936
6 10 -5.7377951312706115
6 11 -6.965024797760814
6 12 -2.446438272759254
6 13 -9.105090961257085
6 14 -4.460700062115713
6 15 -2.6673393115206836
6 16 -9.79823814181703
6 17 -inf
6 18 -2.280173960583953
6 19 -5.4162115071431485
6 20 -2.9386232381628283
6 21 -4.233717734494337
6 22 -8.699625853148921
6 23 -inf
6 24 -inf
6 25 -4.313441208326376
6 26 -inf
6 27 -2.5052204620442486
6 28 -3.527249709958731
6 29 -1.2397110869078158
7 0 -1.9677515130413412
7 1 -1.7485012450142812
7 2 -5.574392868918306
7 3 -10.128269760518846
7 4 -4.06914656493705
7 5 -1.1024533688918183
7 6 -7.183830781352406
7 7 -4.378876774610593
7 8 -5.193795827388155
7 9 -3.901733091231381
7 10 -3.994871717522198
7 11 -6.832432894514517
7 12 -4.305223865035828
7 13 -6.157977846966725
7 14 -4.6989241315644055
7 15 -3.6605710344144926
7 16 -5.483878861377474
7 17 -6.9502159301709
7 18 -2.844821531762215
7 19 -3.250973689021418
7 20 -3.1252043017323845
7 21 -4.247736774118146
7 22 -7.083747322795423
7 23 -10.128269760518846
7 24 -inf
7 25 -6.157977846966725
7 26 -inf
7 27 -3.375999384377104
7 28 -5.513149243677587
7 29 -3.780880550862836
8 0 -1.6189635290565834
8 1 -0.9418968320744926
8 2 -inf
8 3 -9.868015803227875
8 4 -7.095427080988094
8 5 -2.0969487171624697
8 6 -inf
8 7 -9.17486862266793
8 8 -8.769403514559766
8 9 -3.669537086735567
8 10 -3.917373250640148
8 11 -9.868015803227875
8 12 -5.204576709115808
8 13 -6.179136349113939
8 14 -6.535811293052672
8 15 -2.480925567571118
8 16 -inf
8 17 -inf
8 18 -5.709132719868204
8 19 -6.68996197287993
8 20 -8.481721442107984
8 21 -2.8907344615971278
8 22 -6.284496864771765
8 23 -6.204454157098229
8 24 -inf
8 25 -5.824964535393325
8 26 -inf
8 27 -4.050904643264671
8 28 -3.272235289266564
8 29 -3.5951387966817077
9 0 -1.7009407274439208
9 1 -4.301266004762782
9 2 -5.9799189862183555
9 3 -3.64615827575586
9 4 -3.2363943969224858
9 5 -3.3606999988227613
9 6 -4.980513347633694
9 7 -2.376688201638113
9 8 -6.706967718453982
9 9 -7.053838662296093
9 10 -5.420303198282933
9 11 -3.0798719627987725
9 12 -2.387412776762009
9 13 -4.649313530959054
9 14 -1.665212515643922
9 15 -3.909896666455011
9 16 -5.743530208154125
9 17 -8.570186151664181
9 18 -3.421400519087109
9 19 -2.110803481801486
9 20 -2.7764952659090762
9 21 -8.128353399385142
9 22 -4.226380729810498
9 23 -7.994822006760621
9 24 -8.128353399385142
9 25 -7.877038971104237
9 26 -6.5930234591047645
9 27 -inf
9 28 -6.562718109609436
9 29 -8.05936052789819
10 0 -3.5595497483431138
10 1 -1.4522114900821232
10 2 -inf
10 3 -inf
10 4 -3.978260083201299
10 5 -2.0566426267150297
10 6 -8.8065738205036
10 7 -inf
10 8 -7.70796153183549
10 9 -4.9147535223929735
10 10 -inf
10 11 -4.106093454711184
10 12 -5.0930017537992915
10 13 -inf
10 14 -6.5039887275095545
10 15 -1.6465046129074732
10 16 -7.197135908069499
10 17 -inf
10 18 -inf
10 19 -4.695699956330289
10 20 -5.4053764388414445
10 21 -1.7190001149456267
10 22 -6.727132278823764
10 23 -inf
10 24 -inf
10 25 -8.8065738205036
10 26 -inf
10 27 -inf
10 28 -2.0426889119411644
10 29 -3.1825563143162614
11 0 -2.6130189224292426
11 1 -1.1827276957121997
11 2 -6.910827478019107
11 3 -inf
11 4 -5.6363245228873335
11 5 -2.127189304553051
11 6 -6.455351949336282
11 7 -6.767726634378434
11 8 -4.58167535764034
11 9 -3.2133314076442923
11 10 -6.0745794538184885
11 11 -7.684017366252589
11 12 -3.405039107478154
11 13 -6.407723900347027
11 14 -4.007716694345513
11 15 -2.094274940973937
11 16 -6.480044561926653
11 17 -inf
11 18 -2.735848667142009
11 19 -3.2681933519954165
11 20 -2.7738164694781036
11 21 -3.4487038609052942
11 22 -3.673658460103581
11 23 -9.070311727372479
11 24 -inf
11 25 -4.675862572700041
11 26 -inf
11 27 -6.703188113240863
11 28 -4.116834847116173
11 29 -4.313852093838162
12 0 -2.4185837513213566
12 1 -1.745491443445387
12 2 -5.554346315568231
12 3 -7.597420213077192
12 4 -3.042040691592116
12 5 -1.9677457105747127
12 6 -5.448985799910404
12 7 -5.032470855615656
12 8 -6.324454537264304
12 9 -1.9884718410918296
12 10 -3.7897000817487365
12 11 -4.299821232079464
12 12 -1.8982515402575941
12 13 -4.557443237725444
12 14 -5.9598114236763955
12 15 -3.635247423963574
12 16 -4.87675154801577
12 17 -9.94879547024067
12 18 -6.393447408751256
12 19 -3.461111451756059
12 20 -4.164970287910932
12 21 -3.82083517854415
12 22 -4.2910569340858755
12 23 -10.641942650800615
12 24 -inf
12 25 -4.040712532071739
12 26 -8.56250110912078
12 27 -4.75583861935046
12 28 -3.1774328161640875
12 29 -4.647981223494046
13 0 -1.6443532510683845
13 1 -2.07605251086837
13 2 -3.8128873359416744
13 3 -8.42635632474446
13 4 -4.750055652837385
13 5 -1.6582463282758424
13 6 -6.480446175689147
13 7 -7.222383520418525
13 8 -5.984009289375257
13 9 -2.467070676000714
13 10 -8.608677881538416
13 11 -6.580529634246131
13 12 -4.720947568679314
13 13 -2.8353693442336043
13 14 -4.285870606524505
13 15 -2.7639747158258374
13 16 -4.861529519300504
13 17 -7.733209144184515
13 18 -4.534536026633835
13 19 -4.133616380897345
13 20 -4.100018595931168
13 21 -4.412980825056027
13 22 -9.119503505304406
13 23 -9.119503505304406
13 24 -inf
13 25 -3.997525623872777
13 26 -10.218115793972515
13 27 -2.628274281789859
13 28 -2.943636235198645
13 29 -4.056908472277439
14 0 -1.13917356853907
14 1 -2.1153071293394987
14 2 -6.441845078395727
14 3 -6.879645567146828
14 4 -2.343870748123048
14 5 -3.2585022292959906
14 6 -5.234242506019212
14 7 -2.357091820575414
14 8 -6.125045607373219
14 9 -2.9806649921318615
14 10 -6.207851511057451
14 11 -4.541095325459267
14 12 -5.256221412737988
14 13 -6.131690150091887
14 14 -2.7502420638147504
14 15 -4.114124012130139
14 16 -7.8464885781838145
14 17 -9.756031083068253
14 18 -6.879645567146828
14 19 -2.7316044972824227
14 20 -3.1151753373553683
14 21 -4.068208627990781
14 22 -5.790467310712077
14 23 -11.142325444188144
14 24 -inf
14 25 -4.419695649332695
14 26 -8.744430171389773
14 27 -4.798445010061813
14 28 -4.161319703466414
14 29 -6.298138357729552
15 0 -3.749074831024764
15 1 -5.763977851567029
15 2 -4.1395583855173115
15 3 -2.0005861943432497
15 4 -4.352070914590412
15 5 -7.59420360162288
15 6 -4.792627342509846
15 7 -3.9082696577387
15 8 -5.207061120600771
15 9 -8.481506796623783
15 10 -5.726936579886679
15 11 -4.785509874740982
15 12 -2.1528049994695433
15 13 -1.6730984054282299
15 14 -2.095589941243038
15 15 -7.060121115692622
15 16 -3.585801469201504
15 17 -inf
15 18 -1.5900260901343977
15 19 -3.984876779210897
15 20 -2.7767723942421996
15 21 -5.591135038727618
15 22 -4.226907771636406
15 23 -6.689747327395727
15 24 -7.095212435503892
15 25 -7.249363115331151
15 26 -7.862467588217559
15 27 -9.73426976511915
15 28 -6.5772693439690375
15 29 -inf
16 0 -3.3624820211319926
16 1 -1.9129495488380786
16 2 -8.511912606972311
16 3 -8.224230534520531
16 4 -7.531083353960586
16 5 -1.6111819429271392
16 6 -6.4750306797112716
16 7 -6.4750306797112716
16 8 -6.0841643710242606
16 9 -4.030795069654199
16 10 -inf
16 11 -inf
16 12 -3.1047408355121933
16 13 -8.511912606972311
16 14 -4.823033152858375
16 15 -2.364869828045886
16 16 -2.2352691176306676
16 17 -inf
16 18 -2.2959720633163414
16 19 -4.44004090060227
16 20 -4.235246487956257
16 21 -5.015405045505831
16 22 -8.511912606972311
16 23 -inf
16 24 -inf
16 25 -8.511912606972311
16 26 -inf
16 27 -1.6118535346246452
16 28 -5.0566480040398805
16 29 -9.610524895640422
17 0 -2.632542648594065
17 1 -1.2692378056988731
17 2 -5.030437921392435
17 3 -inf
17 4 -inf
17 5 -inf
17 6 -inf
17 7 -inf
17 8 -inf
17 9 -4.33729074083249
17 10 -inf
17 11 -inf
17 12 -inf
17 13 -inf
17 14 -inf
17 15 -5.030437921392435
17 16 -inf
17 17 -inf
17 18 -5.030437921392435
17 19 -inf
17 20 -2.833213344056216
17 21 -1.7346010553881064
17 22 -0.9699949108460162
17 23 -inf
17 24 -inf
17 25 -inf
17 26 -inf
17 27 -inf
17 28 -inf
17 29 -inf
18 0 -1.0368390545801358
18 1 -2.117712682122091
18 2 -4.345267863073219
18 3 -6.9752296272039915
18 4 -3.7866678192576315
18 5 -2.4178008597367
18 6 -5.45408432191557
18 7 -4.260628162614561
18 8 -6.409595766943006
18 9 -2.51777546883238
18 10 -4.955642757349301
18 11 -4.576054763699997
18 12 -4.208821940095645
18 13 -5.20003858432317
18 14 -2.7661321763595526
18 15 -3.2405826812472096
18 16 -6.663198525741924
18 17 -11.237909504245307
18 18 -4.35239983421049
18 19 -3.182117053267538
18 20 -3.3574831599529076
18 21 -4.2986555582038
18 22 -6.296267081636003
18 23 -8.753002854457307
18 24 -inf
18 25 -5.1198123062039596
18 26 -8.465320782005525
18 27 -4.0397259271433645
18 28 -3.955835846151843
18 29 -4.607226118602936
19 0 -2.0551957625401744
19 1 -2.8553378569090477
19 2 -5.662164445792069
19 3 -5.317540996940149
19 4 -4.228817540401287
19 5 -2.7413016522140143
19 6 -5.909024523723595
19 7 -6.776525091428318
19 8 -4.679383972649081
19 9 -3.1987545658830716
19 10 -4.268087944230123
19 11 -1.9649861888634375
19 12 -3.459169511994513
19 13 -4.36715193078526
19 14 -5.090714200209644
19 15 -2.5638097768123758
19 16 -3.5300958641422153
19 17 -inf
19 18 -4.631801257658066
19 19 -3.3132724280471986
19 20 -1.685798250802322
19 21 -5.339929991833628
19 22 -2.9737502192067176
19 23 -8.354710460358314
19 24 -inf
19 25 -5.549021789692188
19 26 -9.53336545669996
19 27 -3.828749995739867
19 28 -3.415268258658612
19 29 -4.129562582305946
20 0 -1.1018350443821276
20 1 -2.27690303029431
20 2 -5.390558976590916
20 3 -4.596650447944017
20 4 -7.7451038085156725
20 5 -2.05553295334249
20 6 -5.9645176398857425
20 7 -7.779005360191354
20 8 -5.799193659460359
20 9 -2.502651574809031
20 10 -4.978784699289487
20 11 -7.680565287378101
20 12 -5.511511587008578
20 13 -8.843716097183782
20 14 -5.725766190905542
20 15 -3.3680897156653353
20 16 -8.438250989075618
20 17 -10.453154009617883
20 18 -3.2375464513945817
20 19 -3.5620363717887686
20 20 -1.9083456511686718
20 21 -4.551887730428049
20 22 -4.293002096991749
20 23 -10.453154009617883
20 24 -inf
20 25 -4.398714663348512
20 26 -8.201862211011388
20 27 -5.515089408356462
20 28 -3.781754175922186
20 29 -5.282670014579731
21 0 -2.323653454233206
21 1 -5.2988640920664
21 2 -4.1847476168623245
21 3 -5.931386650809911
21 4 -3.370972448513765
21 5 -4.508987285047904
21 6 -5.195067298384757
21 7 -3.940294278961364
21 8 -6.238871350557871
21 9 -6.624533831369856
21 10 -6.279693345078126
21 11 -3.2471470984014186
21 12 -2.6744219748221116
21 13 -4.253740488349276
21 14 -1.6828914087605513
21 15 -8.764599994866126
21 16 -2.7411524019050937
21 17 -7.260522598089852
21 18 -2.407624655157013
21 19 -1.6616892011099484
21 20 -2.0193636453817643
21 21 -7.378305633746236
21 22 -4.363996974619309
21 23 -8.359134886757962
21 24 -5.673557541507811
21 25 -8.764599994866126
21 26 -7.378305633746236
21 27 -9.457747175426071
21 28 -inf
21 29 -inf
22 0 -2.0553439901007753
22 1 -1.3265403583214705
22 2 -6.725833642209509
22 3 -inf
22 4 -5.809542910335354
22 5 -1.5627157253866923
22 6 -8.805275183889345
22 7 -5.158955344194205
22 8 -7.264830142942197
22 9 -1.7664916425008041
22 10 -6.6850116476892545
22 11 -8.805275183889345
22 12 -3.790205292725224
22 13 -4.160884284747973
22 14 -5.5731541322711236
22 15 -5.13320284809179
22 16 -9.21074029199751
22 17 -inf
22 18 -6.292969559913231
22 19 -4.630887913993708
22 20 -5.599822379353285
22 21 -4.316638814157206
22 22 -9.903887472557455
22 23 -inf
22 24 -inf
22 25 -inf
22 26 -inf
22 27 -2.7826350193129135
22 28 -2.5933373140230325
22 29 -7.505992199759085
23 0 -2.4474490872531
23 1 -1.1616252564968437
23 2 -4.58751525074937
23 3 -inf
23 4 -inf
23 5 -1.5429928130259476
23 6 -inf
23 7 -inf
23 8 -3.0834378539730967
23 9 -1.6300041900155773
23 10 -inf
23 11 -inf
23 12 -4.58751525074937
23 13 -inf
23 14 -5.973809611869261
23 15 -2.5080737090695346
23 16 -inf
23 17 -inf
23 18 -5.973809611869261
23 19 -3.776585034533042
23 20 -inf
23 21 -5.973809611869261
23 22 -inf
23 23 -4.58751525074937
23 24 -inf
23 25 -5.973809611869261
23 26 -inf
23 27 -inf
23 28 -inf
23 29 -inf
24 0 -1.5530849758829686
24 1 -2.6865439958812463
24 2 -4.74493212836325
24 3 -inf
24 4 -inf
24 5 -2.8991054378649195
24 6 -inf
24 7 -inf
24 8 -3.828641396489095
24 9 -3.9717422401297684
24 10 -5.150397236471415
24 11 -6.536691597591305
24 12 -5.150397236471415
24 13 -inf
24 14 -3.317815772723104
24 15 -6.536691597591305
24 16 -1.0072625100798818
24 17 -inf
24 18 -6.536691597591305
24 19 -inf
24 20 -1.9215710807500457
24 21 -3.169395767604831
24 22 -6.536691597591305
24 23 -inf
24 24 -4.74493212836325
24 25 -inf
24 26 -inf
24 27 -inf
24 28 -inf
24 29 -inf
25 0 -2.259685746959956
25 1 -2.4673251117382002
25 2 -5.858953042384205
25 3 -1.5142204067413287
25 4 -3.0299502308643325
25 5 -4.914491433543353
25 6 -5.001502810532983
25 7 -2.516596160744983
25 8 -3.5853554862634116
25 9 -6.195425279005418
25 10 -inf
25 11 -3.549250481621295
25 12 -3.4545852550802167
25 13 -3.256263356939821
25 14 -3.9336621805316274
25 15 -4.887092459355239
25 16 -4.103561217327025
25 17 -inf
25 18 -2.168289466476767
25 19 -2.3076949661463164
25 20 -2.9805574755347557
25 21 -6.888572459565363
25 22 -6.5521002229441505
25 23 -inf
25 24 -7.804863191439519
25 25 -8.498010371999463
25 26 -inf
25 27 -5.319956541651518
25 28 -inf
25 29 -inf
26 0 -1.4389380946053127
26 1 -1.2656663733312759
26 2 -3.345107915011112
26 3 -inf
26 4 -inf
26 5 -2.341805806147327
26 6 -inf
26 7 -inf
26 8 -5.049856007249537
26 9 -1.9818030721159199
26 10 -4.356708826689592
26 11 -5.7430031878094825
26 12 -2.4849066497880004
26 13 -inf
26 14 -5.7430031878094825
26 15 -2.6984807500860595
26 16 -inf
26 17 -inf
26 18 -inf
26 19 -inf
26 20 -5.7430031878094825
26 21 -4.356708826689592
26 22 -inf
26 23 -inf
26 24 -inf
26 25 -5.049856007249537
26 26 -4.356708826689592
26 27 -inf
26 28 -inf
26 29 -inf
27 0 -1.009744584164285
27 1 -5.719642432539583
27 2 -8.00202481821611
27 3 -inf
27 4 -3.4376766267482735
27 5 -7.414238153313991
27 6 -8.22516836953032
27 7 -2.8304051047140306
27 8 -6.778249386593994
27 9 -inf
27 10 -inf
27 11 -3.3809812830717285
27 12 -2.882834117565509
27 13 -8.918315550090265
27 14 -1.6181804025486188
27 15 -9.61146273065021
27 16 -7.8197032614221555
27 17 -inf
27 18 -1.7447404455134816
27 19 -3.504439842907956
27 20 -3.160992308506034
27 21 -inf
27 22 -5.827273096731949
27 23 -inf
27 24 -inf
27 25 -inf
27 26 -inf
27 27 -inf
27 28 -inf
27 29 -inf
28 0 -9.12929299312286
28 1 -inf
28 2 -8.723827885014696
28 3 -4.514172476281601
28 4 -4.017305204766317
28 5 -inf
28 6 -5.518375080478636
28 7 -2.554914745854634
28 8 -inf
28 9 -inf
28 10 -inf
28 11 -3.5308710341244858
28 12 -2.5280628743939846
28 13 -3.2280267139330276
28 14 -1.3219863062708668
28 15 -9.12929299312286
28 16 -5.0862417252883105
28 17 -inf
28 18 -1.151839435637256
28 19 -2.8929234029191564
28 20 -2.8040383746136053
28 21 -inf
28 22 -3.399193210149286
28 23 -inf
28 24 -6.38845296919766
28 25 -inf
28 26 -inf
28 27 -inf
28 28 -8.03068070445475
28 29 -inf
29 0 -4.736444360113428
29 1 -6.636684472335553
29 2 -6.844323837113797
29 3 -6.576059850519118
29 4 -2.6734931803330073
29 5 -8.310660905907225
29 6 -6.701222993473124
29 7 -4.047981028865909
29 8 -7.799835282141234
29 9 -9.409273194575334
29 10 -3.9843231770939314
29 11 -2.9892782664281916
29 12 -3.8182862140644778
29 13 -3.340847606331224
29 14 -3.2608048986576876
29 15 -7.617513725347279
29 16 -4.057415061099268
29 17 -7.329831652895498
29 18 -0.5868036223063647
29 19 -3.0514309280672345
29 20 -2.9844041706699462
29 21 -9.409273194575334
29 22 -2.783880826567378
29 23 -inf
29 24 -inf
29 25 -9.409273194575334
29 26 -inf
29 27 -inf
29 28 -inf
29 29 -inf
