0 0 -7.7103
0 1 -5.2455
0 2 -5.1592
0 3 -2.8669
0 4 -6.9045
0 5 -4.9465
0 6 -3.1497
0 7 -6.6427
0 8 -6.5264
0 9 -6.6190
0 10 -4.0304
0 11 -2.8707
0 12 -3.3882
0 13 -1.7899
0 14 -8.2150
0 15 -4.5702
0 16 -10.2509
0 17 -1.7300
0 18 -3.2761
0 19 -2.2287
0 20 -6.0316
0 21 -3.3159
0 22 -8.5160
0 23 -6.6189
0 24 -7.4694
0 25 -7.5243
0 26 -9.5238
0 27 -10.6004
0 28 -11.3267
0 29 -1.4847
1 0 -1.9441
1 1 -3.4243
1 2 -8.2519
1 3 -7.6236
1 4 -1.4158
1 5 -8.5244
1 6 -9.9442
1 7 -7.9384
1 8 -2.6161
1 9 -4.3323
1 10 -7.5218
1 11 -1.9814
1 12 -8.1262
1 13 -6.9843
1 14 -2.3461
1 15 -8.5693
1 16 -12.3421
1 17 -2.4290
1 18 -5.2885
1 19 -5.6012
1 20 -3.4037
1 21 -7.2211
1 22 -9.0279
1 23 -9.4657
1 24 -3.4153
1 25 -11.0203
1 26 -3.9634
1 27 -3.5281
1 28 -3.4315
1 29 -4.2822
2 0 -3.8819
2 1 -7.8707
2 2 -5.2773
2 3 -7.3364
2 4 -2.7136
2 5 -8.4460
2 6 -8.7638
2 7 -0.6543
2 8 -3.1527
2 9 -10.6433
2 10 -1.1929
2 11 -5.5413
2 12 -8.0631
2 13 -8.6086
2 14 -4.4485
2 15 -9.5960
2 16 -7.8614
2 17 -5.9931
2 18 -6.3528
2 19 -6.3298
2 20 -5.5668
2 21 -9.4343
2 22 -12.9459
2 23 -8.7562
2 24 -5.4615
2 25 -8.5638
2 26 -19.9999
2 27 -12.9459
2 28 -11.8472
2 29 -4.6469
3 0 -2.3056
3 1 -5.6031
3 2 -8.4285
3 3 -4.1972
3 4 -0.7422
3 5 -5.9075
3 6 -5.5882
3 7 -6.3145
3 8 -3.1970
3 9 -5.1082
3 10 -6.0605
3 11 -4.2228
3 12 -6.4043
3 13 -4.3103
3 14 -3.9175
3 15 -6.7784
3 16 -8.4269
3 17 -3.0504
3 18 -3.5876
3 19 -6.0614
3 20 -4.2941
3 21 -5.2991
3 22 -8.3741
3 23 -9.0448
3 24 -5.8612
3 25 -8.7432
3 26 -4.3226
3 27 -3.9675
3 28 -4.9332
3 29 -1.8450
4 0 -5.7056
4 1 -5.2872
4 2 -5.0472
4 3 -2.9970
4 4 -6.4417
4 5 -4.4072
4 6 -4.3520
4 7 -5.4844
4 8 -6.1385
4 9 -5.8500
4 10 -4.2321
4 11 -2.9267
4 12 -3.8752
4 13 -1.4431
4 14 -6.5888
4 15 -5.4450
4 16 -10.8733
4 17 -1.6289
4 18 -3.2458
4 19 -1.9383
4 20 -5.9290
4 21 -4.6439
4 22 -7.6528
4 23 -5.1529
4 24 -7.1855
4 25 -8.9203
4 26 -8.2481
4 27 -9.1762
4 28 -9.5605
4 29 -1.7734
5 0 -2.4509
5 1 -7.7783
5 2 -9.5590
5 3 -8.0910
5 4 -3.3222
5 5 -3.5407
5 6 -8.1011
5 7 -9.1947
5 8 -2.5897
5 9 -5.3645
5 10 -7.1977
5 11 -3.2002
5 12 -8.5208
5 13 -6.6285
5 14 -2.8295
5 15 -8.1166
5 16 -12.9712
5 17 -2.0494
5 18 -5.6443
5 19 -2.5807
5 20 -3.9905
5 21 -7.7527
5 22 -11.0253
5 23 -9.7391
5 24 -4.4088
5 25 -10.6041
5 26 -3.1342
5 27 -3.7857
5 28 -1.0672
5 29 -4.1361
6 0 -1.8934
6 1 -6.1124
6 2 -9.2206
6 3 -4.5986
6 4 -1.6193
6 5 -6.3573
6 6 -3.6091
6 7 -4.1798
6 8 -3.3876
6 9 -4.8109
6 10 -6.4259
6 11 -4.0426
6 12 -6.2561
6 13 -3.9512
6 14 -3.2646
6 15 -6.4158
6 16 -8.8740
6 17 -2.8818
6 18 -3.1114
6 19 -2.9351
6 20 -4.5517
6 21 -6.2534
6 22 -8.5251
6 23 -10.6359
6 24 -6.0420
6 25 -10.6557
6 26 -3.2808
6 27 -4.4724
6 28 -3.8557
6 29 -1.4537
7 0 -1.2463
7 1 -8.4820
7 2 -8.7753
7 3 -8.4141
7 4 -2.0573
7 5 -9.1135
7 6 -9.4375
7 7 -9.2126
7 8 -3.8515
7 9 -4.5608
7 10 -8.5091
7 11 -5.4906
7 12 -7.0974
7 13 -5.9799
7 14 -2.3941
7 15 -9.1718
7 16 -11.9852
7 17 -5.8750
7 18 -6.9519
7 19 -6.4584
7 20 -3.0819
7 21 -8.2086
7 22 -7.1803
7 23 -10.3323
7 24 -5.0492
7 25 -10.4212
7 26 -3.6326
7 27 -3.0719
7 28 -3.1827
7 29 -1.2728
8 0 -4.3395
8 1 -5.5922
8 2 -3.9184
8 3 -3.0874
8 4 -3.8847
8 5 -4.5911
8 6 -2.1416
8 7 -6.0247
8 8 -7.4928
8 9 -7.5734
8 10 -3.0590
8 11 -2.2627
8 12 -4.6694
8 13 -1.4274
8 14 -3.4573
8 15 -5.3003
8 16 -9.1352
8 17 -4.2167
8 18 -2.4630
8 19 -2.7725
8 20 -6.5070
8 21 -3.5317
8 22 -8.9026
8 23 -7.3628
8 24 -10.0372
8 25 -7.5127
8 26 -10.6739
8 27 -6.8911
8 28 -7.5200
8 29 -2.0171
9 0 -1.2535
9 1 -7.5115
9 2 -9.0569
9 3 -3.9018
9 4 -2.2284
9 5 -8.2498
9 6 -8.7353
9 7 -8.0547
9 8 -5.5184
9 9 -9.2887
9 10 -4.7264
9 11 -3.6710
9 12 -7.4613
9 13 -4.7380
9 14 -2.0371
9 15 -7.3807
9 16 -19.9999
9 17 -7.6284
9 18 -5.2042
9 19 -5.5698
9 20 -1.8158
9 21 -8.4260
9 22 -11.7310
9 23 -19.9999
9 24 -8.1134
9 25 -12.4242
9 26 -8.9742
9 27 -1.9543
9 28 -2.9698
9 29 -3.2119
10 0 -1.4238
10 1 -6.2337
10 2 -9.0139
10 3 -6.3853
10 4 -2.2057
10 5 -6.1385
10 6 -6.5406
10 7 -4.7596
10 8 -3.6488
10 9 -6.0793
10 10 -6.3796
10 11 -3.0105
10 12 -6.5954
10 13 -3.4604
10 14 -2.1168
10 15 -6.4655
10 16 -11.8392
10 17 -2.8185
10 18 -3.3101
10 19 -2.3094
10 20 -2.9167
10 21 -3.8539
10 22 -9.1766
10 23 -10.2846
10 24 -4.6107
10 25 -10.4529
10 26 -5.5715
10 27 -3.7656
10 28 -4.2572
10 29 -2.5641
11 0 -1.9474
11 1 -5.0519
11 2 -7.9605
11 3 -3.4520
11 4 -2.2489
11 5 -5.1771
11 6 -5.6607
11 7 -6.1405
11 8 -2.0436
11 9 -3.9011
11 10 -4.3411
11 11 -1.6311
11 12 -4.4247
11 13 -4.6483
11 14 -3.6821
11 15 -5.4510
11 16 -9.4040
11 17 -5.8406
11 18 -3.3745
11 19 -3.3324
11 20 -3.8717
11 21 -4.0774
11 22 -9.6869
11 23 -9.1164
11 24 -4.3578
11 25 -9.3968
11 26 -4.1641
11 27 -3.3430
11 28 -4.3559
11 29 -2.2527
12 0 -2.0389
12 1 -4.6238
12 2 -7.7340
12 3 -5.5994
12 4 -1.5890
12 5 -4.8273
12 6 -5.6538
12 7 -4.8750
12 8 -2.6513
12 9 -6.2739
12 10 -5.7707
12 11 -4.3530
12 12 -2.6854
12 13 -4.1081
12 14 -3.0578
12 15 -4.0559
12 16 -8.0463
12 17 -4.8421
12 18 -4.0254
12 19 -4.0265
12 20 -4.0237
12 21 -6.1838
12 22 -9.8694
12 23 -12.8226
12 24 -4.2028
12 25 -11.0034
12 26 -3.3514
12 27 -3.7506
12 28 -4.1574
12 29 -1.4181
13 0 -2.3693
13 1 -5.8086
13 2 -6.1765
13 3 -2.3879
13 4 -3.0845
13 5 -5.1686
13 6 -2.4075
13 7 -5.6617
13 8 -3.0694
13 9 -6.4276
13 10 -4.3026
13 11 -4.9768
13 12 -6.8536
13 13 -3.1370
13 14 -3.7778
13 15 -6.8699
13 16 -9.4147
13 17 -6.3676
13 18 -2.6491
13 19 -2.8000
13 20 -4.5318
13 21 -5.4565
13 22 -10.2354
13 23 -11.1249
13 24 -4.7490
13 25 -8.4528
13 26 -4.5189
13 27 -4.1322
13 28 -6.2069
13 29 -1.0745
14 0 -5.6969
14 1 -4.4102
14 2 -1.7166
14 3 -3.8658
14 4 -5.6925
14 5 -4.4636
14 6 -3.8617
14 7 -5.3367
14 8 -6.8020
14 9 -5.6180
14 10 -4.3374
14 11 -2.7112
14 12 -1.5181
14 13 -1.9314
14 14 -6.3477
14 15 -3.7875
14 16 -11.2826
14 17 -1.9036
14 18 -3.5308
14 19 -2.9409
14 20 -5.5057
14 21 -4.4027
14 22 -6.6057
14 23 -7.0031
14 24 -7.5527
14 25 -7.9002
14 26 -8.0567
14 27 -6.8232
14 28 -8.9597
14 29 -4.0052
15 0 -2.1658
15 1 -6.4227
15 2 -8.1293
15 3 -6.0233
15 4 -1.9936
15 5 -5.1506
15 6 -4.8469
15 7 -5.3566
15 8 -3.8343
15 9 -6.3746
15 10 -6.4265
15 11 -2.9885
15 12 -5.5358
15 13 -4.6809
15 14 -2.7369
15 15 -1.9510
15 16 -12.8567
15 17 -2.2224
15 18 -4.0537
15 19 -3.9158
15 20 -4.2096
15 21 -6.3420
15 22 -11.3904
15 23 -19.9999
15 24 -6.8504
15 25 -11.0650
15 26 -1.6053
15 27 -5.3656
15 28 -7.1903
15 29 -2.7900
16 0 -5.0577
16 1 -6.0992
16 2 -19.9999
16 3 -7.8910
16 4 -6.0192
16 5 -19.9999
16 6 -19.9999
16 7 -8.5841
16 8 -4.6923
16 9 -19.9999
16 10 -8.5841
16 11 -19.9999
16 12 -8.5841
16 13 -19.9999
16 14 -6.0992
16 15 -6.5047
16 16 -6.3869
16 17 -6.5047
16 18 -5.5396
16 19 -6.9747
16 20 -0.6276
16 21 -0.9373
16 22 -6.7923
16 23 -8.5841
16 24 -19.9999
16 25 -7.4855
16 26 -19.9999
16 27 -19.9999
16 28 -19.9999
16 29 -3.2275
17 0 -2.1207
17 1 -4.3343
17 2 -7.2935
17 3 -3.7249
17 4 -2.3512
17 5 -5.0597
17 6 -4.2621
17 7 -5.3634
17 8 -2.7511
17 9 -5.2812
17 10 -3.7956
17 11 -4.2794
17 12 -4.4311
17 13 -3.0930
17 14 -3.3222
17 15 -6.2590
17 16 -9.4088
17 17 -4.5079
17 18 -3.1761
17 19 -3.3815
17 20 -4.0401
17 21 -4.9232
17 22 -8.6421
17 23 -10.2650
17 24 -4.7949
17 25 -9.2572
17 26 -3.8684
17 27 -3.7688
17 28 -4.5484
17 29 -1.0602
18 0 -2.7241
18 1 -5.0730
18 2 -5.1666
18 3 -5.4570
18 4 -2.7052
18 5 -5.2027
18 6 -5.9520
18 7 -5.2062
18 8 -2.7970
18 9 -4.4014
18 10 -2.1567
18 11 -3.5519
18 12 -4.3573
18 13 -4.5151
18 14 -2.4820
18 15 -3.7046
18 16 -9.6055
18 17 -5.5589
18 18 -3.0830
18 19 -1.7287
18 20 -4.6421
18 21 -3.6633
18 22 -8.0725
18 23 -9.5157
18 24 -4.8010
18 25 -8.8046
18 26 -3.4719
18 27 -3.6918
18 28 -4.5959
18 29 -1.8920
19 0 -2.3538
19 1 -5.7054
19 2 -6.7321
19 3 -7.5222
19 4 -1.9991
19 5 -5.6340
19 6 -6.1741
19 7 -5.5989
19 8 -2.3502
19 9 -5.4453
19 10 -6.6794
19 11 -5.1132
19 12 -6.1390
19 13 -4.7293
19 14 -3.4597
19 15 -6.9613
19 16 -13.7491
19 17 -3.1835
19 18 -3.4268
19 19 -2.0073
19 20 -4.3072
19 21 -4.5387
19 22 -9.5030
19 23 -9.8675
19 24 -4.4871
19 25 -7.7440
19 26 -4.8921
19 27 -4.1309
19 28 -5.1878
19 29 -1.1045
20 0 -4.8122
20 1 -4.0611
20 2 -4.9796
20 3 -3.2599
20 4 -4.6072
20 5 -5.0447
20 6 -4.2115
20 7 -7.2210
20 8 -5.6885
20 9 -8.4564
20 10 -3.4278
20 11 -2.4207
20 12 -3.2836
20 13 -1.6501
20 14 -7.4766
20 15 -2.4604
20 16 -10.5072
20 17 -2.3327
20 18 -2.4015
20 19 -1.7113
20 20 -7.7068
20 21 -4.2562
20 22 -8.3844
20 23 -5.7980
20 24 -8.3999
20 25 -7.5459
20 26 -9.2968
20 27 -10.5072
20 28 -10.0700
20 29 -2.6607
21 0 -1.4289
21 1 -6.1455
21 2 -8.5323
21 3 -4.8049
21 4 -1.7464
21 5 -6.2157
21 6 -5.2998
21 7 -6.9235
21 8 -1.6806
21 9 -6.0889
21 10 -5.9738
21 11 -4.7351
21 12 -6.3524
21 13 -5.1948
21 14 -4.5983
21 15 -7.4891
21 16 -13.5329
21 17 -4.9870
21 18 -3.8845
21 19 -4.6077
21 20 -4.5235
21 21 -5.9835
21 22 -10.8587
21 23 -19.9999
21 24 -7.7915
21 25 -13.5329
21 26 -3.0898
21 27 -2.2775
21 28 -7.2771
21 29 -1.8982
22 0 -1.2525
22 1 -5.2397
22 2 -5.6514
22 3 -6.8677
22 4 -1.5946
22 5 -6.7500
22 6 -6.7500
22 7 -3.7418
22 8 -1.6471
22 9 -10.3335
22 10 -5.6150
22 11 -4.7351
22 12 -6.0160
22 13 -3.7925
22 14 -2.8508
22 15 -7.3378
22 16 -8.7240
22 17 -4.6099
22 18 -3.7654
22 19 -5.0656
22 20 -4.9816
22 21 -8.7240
22 22 -4.6636
22 23 -19.9999
22 24 -5.8448
22 25 -8.7240
22 26 -6.0160
22 27 -4.5589
22 28 -7.5003
22 29 -2.1695
23 0 -2.2162
23 1 -5.1456
23 2 -4.8946
23 3 -4.6908
23 4 -1.6163
23 5 -4.7795
23 6 -5.7911
23 7 -4.7884
23 8 -2.5283
23 9 -5.5601
23 10 -4.9889
23 11 -3.6276
23 12 -5.8059
23 13 -3.8141
23 14 -3.7946
23 15 -2.3541
23 16 -10.4160
23 17 -6.9195
23 18 -5.7960
23 19 -1.7016
23 20 -3.9561
23 21 -6.5659
23 22 -9.1633
23 23 -6.3643
23 24 -6.2809
23 25 -8.6243
23 26 -6.0403
23 27 -8.8066
23 28 -7.6127
23 29 -1.7338
24 0 -3.0599
24 1 -5.0814
24 2 -1.8624
24 3 -2.7657
24 4 -5.0417
24 5 -4.0793
24 6 -2.3452
24 7 -5.0263
24 8 -6.4040
24 9 -7.6194
24 10 -3.4695
24 11 -3.0659
24 12 -3.2490
24 13 -2.7087
24 14 -5.0445
24 15 -4.2423
24 16 -10.1637
24 17 -2.2758
24 18 -2.2402
24 19 -2.3548
24 20 -6.7647
24 21 -5.0481
24 22 -7.1746
24 23 -5.7249
24 24 -9.5759
24 25 -8.5950
24 26 -6.9448
24 27 -9.9273
24 28 -8.3284
24 29 -2.5315
25 0 -1.7856
25 1 -4.9922
25 2 -6.3140
25 3 -4.9277
25 4 -1.9958
25 5 -6.3140
25 6 -5.5281
25 7 -4.3841
25 8 -1.9216
25 9 -4.4770
25 10 -4.2556
25 11 -4.3881
25 12 -4.8161
25 13 -4.5843
25 14 -2.2383
25 15 -6.6017
25 16 -7.0071
25 17 -6.0263
25 18 -4.8936
25 19 -5.2062
25 20 -4.0198
25 21 -5.9085
25 22 -6.1599
25 23 -8.7989
25 24 -3.9365
25 25 -2.4987
25 26 -19.9999
25 27 -7.7003
25 28 -8.1058
25 29 -1.5609
26 0 -6.8688
26 1 -6.2799
26 2 -9.1941
26 3 -3.1649
26 4 -5.0715
26 5 -6.4535
26 6 -2.3767
26 7 -6.6292
26 8 -10.1148
26 9 -8.5143
26 10 -4.1073
26 11 -2.8798
26 12 -6.4616
26 13 -1.9165
26 14 -8.9657
26 15 -5.9275
26 16 -13.9215
26 17 -1.8849
26 18 -3.3995
26 19 -2.7155
26 20 -9.8610
26 21 -5.0329
26 22 -13.9215
26 23 -13.2283
26 24 -12.5352
26 25 -10.3106
26 26 -8.3268
26 27 -11.0311
26 28 -9.9512
26 29 -0.9940
27 0 -9.9380
27 1 -7.2601
27 2 -4.1324
27 3 -3.7921
27 4 -8.9476
27 5 -5.0602
27 6 -2.7759
27 7 -8.2688
27 8 -9.2525
27 9 -8.1908
27 10 -3.6713
27 11 -2.1233
27 12 -3.2329
27 13 -1.6207
27 14 -11.2220
27 15 -5.1162
27 16 -19.9999
27 17 -1.0404
27 18 -3.1392
27 19 -2.6264
27 20 -10.1234
27 21 -3.6603
27 22 -13.0137
27 23 -4.9750
27 24 -10.6158
27 25 -12.3206
27 26 -14.1123
27 27 -9.6580
27 28 -19.9999
27 29 -6.7111
28 0 -6.4493
28 1 -5.8851
28 2 -6.0183
28 3 -3.2689
28 4 -6.7273
28 5 -5.7788
28 6 -3.4750
28 7 -7.0487
28 8 -8.0030
28 9 -3.5996
28 10 -3.1190
28 11 -3.6858
28 12 -3.7367
28 13 -3.3705
28 14 -8.3797
28 15 -3.8700
28 16 -11.0788
28 17 -0.5442
28 18 -3.1955
28 19 -3.2525
28 20 -9.3325
28 21 -2.6056
28 22 -8.9348
28 23 -11.0143
28 24 -9.4694
28 25 -9.4561
28 26 -10.7911
28 27 -11.3890
28 28 -8.5190
28 29 -4.7813
29 0 -2.7926
29 1 -3.2254
29 2 -5.4449
29 3 -2.7044
29 4 -3.1858
29 5 -2.7651
29 6 -3.7667
29 7 -2.8825
29 8 -2.9400
29 9 -4.3926
29 10 -3.2773
29 11 -3.6951
29 12 -2.8750
29 13 -3.7368
29 14 -3.0043
29 15 -3.3341
29 16 -9.4950
29 17 -3.9834
29 18 -2.2109
29 19 -3.1786
29 20 -3.8713
29 21 -3.1439
29 22 -6.7814
29 23 -9.4302
29 24 -6.7360
29 25 -8.0430
29 26 -4.9793
29 27 -3.9032
29 28 -4.9968
29 29 -2.5180